1.000000000000000000e+00 0.000000000000000000e+00
3.600772962397678523e+00 3.537002340126003119e-01
7.621261099249485582e+00 1.762218822891423953e+00
1.278925395266960230e+01 4.881422865317081694e+00
1.867906031735818573e+01 1.029116749069549464e+01
2.472039272245388730e+01 1.846966561438838283e+01
3.021849547744432840e+01 2.976976596258259278e+01
3.437875401193446123e+01 4.439856484107140489e+01
3.633396330432574928e+01 6.240093516455415568e+01
3.517341490967116613e+01 8.364725147162104690e+01
2.997320463412846436e+01 1.078254628119226055e+02
1.982722447305077296e+01 1.344375920662036776e+02
3.878315729760276831e+00 1.628006821771362524e+02
-1.865093709645680420e+01 1.920521552794481011e+02
-4.842828822102944741e+01 2.211594966590063791e+02
-8.598329602006971584e+01 2.489341214498994361e+02
-1.316806648054419497e+02 2.740492284863819918e+02
-1.856959345093955278e+02 2.950613934943286267e+02
-2.479939625807706420e+02 3.104356035905518070e+02
-3.183106094044820225e+02 3.185733875685540966e+02
-3.961380002759295849e+02 3.178436523323950951e+02
-4.807136938550276568e+02 3.066157956760794718e+02
-5.710140395841922327e+02 2.832946299094012943e+02
-6.657519553017716589e+02 2.463566200552409100e+02
-7.633793017633109912e+02 1.943869148799458060e+02
-8.620939735673425730e+02 1.261166291995908750e+02
-9.598517666608215677e+02 4.045982200249527949e+01
-1.054383021780334275e+03 -6.345039284604030172e+01
-1.143213981491375762e+03 -1.862271680464173755e+02
-1.223692736551593043e+03 -3.281972363119744500e+02
-1.293019575782533138e+03 -4.893707644092385181e+02
-1.348281493125657789e+03 -6.694142787487362511e+02
-1.386490546715140908e+03 -8.676271695857645909e+02
-1.404625708244781208e+03 -1.082922250880965976e+03
-1.399677787246566140e+03 -1.313810816964784635e+03
-1.368696964720380720e+03 -1.558392595621523697e+03
-1.308842424419008012e+03 -1.814350950387003877e+03
-1.217433528529443720e+03 -2.078953633121834173e+03
-1.092001947994687271e+03 -2.349059331714579002e+03
-9.303441267435501913e+02 -2.621130197566227707e+03
-7.305734340477159776e+02 -2.891250473835908451e+03
-4.911713404664081963e+02 -3.155151278852005817e+03
-2.110369406760251252e+02 -3.408241530214205341e+03
1.104658588323324580e+02 -3.645644924561243897e+03
4.734641674781487382e+02 -3.862242816413769106e+03
8.775356251304896205e+02 -4.052722767598300379e+03
1.321672258710677852e+03 -4.211632467209352399e+03
1.804249312721395199e+03 -4.333438651572697381e+03
2.322999654994014236e+03 -4.412590584938002394e+03
2.874994321318627954e+03 -4.443587595354289078e+03
3.456629718131422578e+03 -4.421050097059590371e+03
4.063621951340853684e+03 -4.339793471423654410e+03
4.691008692001939380e+03 -4.194904123675895789e+03
5.333158926281792446e+03 -3.981816982959862344e+03
5.983790868447703360e+03 -3.696393669276207675e+03
6.635998241955241610e+03 -3.335000513167434747e+03
7.282285055676670709e+03 -2.894585583074520400e+03
7.914608920500696513e+03 -2.372753851622568618e+03
8.524432866608543918e+03 -1.767839616083496821e+03
9.102785534386814106e+03 -1.078975280271651400e+03
9.640329522911366439e+03 -3.061556054457466303e+02
1.012743758999413694e+04 5.497034533576911599e+02
1.055427630771911754e+04 1.486712191588047290e+03
1.091089668801852713e+04 2.501961719748628639e+03
1.118733120497862183e+04 3.591486452861834096e+03
1.137369655505224182e+04 4.750235285587956241e+03
1.146030141402176923e+04 5.972052161328415423e+03
1.143775837122969278e+04 7.249666682854039209e+03
1.129709914808544090e+04 8.574695343130650144e+03
1.102989213995794853e+04 9.937653878445471491e+03
1.062836125903952052e+04 1.132798116210616899e+04
1.008550500134365393e+04 1.273407496641215039e+04
9.395214614370708659e+03 1.414333982387127617e+04
8.552390203778955765e+03 1.554224711640505848e+04
7.553053588221220707e+03 1.691640741427638568e+04
6.394456691879474420e+03 1.825065497545491598e+04
5.075184254610569951e+03 1.952914420193979095e+04
3.595249640398091742e+03 2.073545773306775664e+04
1.956182536304843779e+03 2.185272573796343568e+04
1.611073565736016349e+02 2.286375585099929594e+04
-1.785188799917254528e+03 2.375117307641047591e+04
-3.876199745905407781e+03 2.449756887206313695e+04
-6.103656406883101226e+03 2.508565850883059466e+04
-8.457496611388167366e+03 2.549844569211692942e+04
-1.092584937696714951e+04 2.571939332681794258e+04
-1.349503451005895477e+04 2.573259920744231204e+04
-1.614957823964469935e+04 2.552297532223680537e+04
-1.887224549645115985e+04 2.507642937495092337e+04
-2.164408933237567544e+04 2.438004705127705893e+04
-2.444451784926802065e+04 2.342227348992298357e+04
-2.725137887302353192e+04 2.219309236156284533e+04
-3.004106246893934804e+04 2.068420091336884070e+04
-3.278862124837668671e+04 1.888917930317645005e+04
-3.546790826594004466e+04 1.680365252624326240e+04
-3.805173215168080060e+04 1.442544322959784586e+04
-4.051202896537394554e+04 1.175471371463508513e+04
-4.282005010086347465e+04 8.794095448297126495e+03
-4.494656540904421854e+04 5.548804437188804513e+03
-4.686208054949254438e+04 2.026740867500875538e+03
-4.853706742435885099e+04 -1.761428523231640156e+03
-4.994220639519505494e+04 -5.802206798768263980e+03
-5.104863883522171818e+04 -1.007922326521964169e+04
-5.182822842746375682e+04 -1.457321125810265767e+04
-5.225382948450275580e+04 -1.926200841269134253e+04
-5.229956043960805255e+04 -2.412058042127349836e+04
-5.194108054297424678e+04 -2.912106913447449915e+04
-5.115586769193563669e+04 -3.423286570527004369e+04
-4.992349523153535119e+04 -3.942270930451828463e+04
-4.822590548280244548e+04 -4.465481175673721009e+04
-4.604767769159607269e+04 -4.989100825546144188e+04
-4.337628804188555659e+04 -5.509093411998078955e+04
-4.020235934472953522e+04 -6.021222735081389692e+04
-3.651989799878591293e+04 -6.521075653125750250e+04
-3.232651582062594389e+04 -7.004087340813151968e+04
-2.762363436399646525e+04 -7.465568926794352592e+04
-2.241666938694109558e+04 -7.900737400662642904e+04
-1.671519318468084748e+04 -8.304747657338056888e+04
-1.053307258455200099e+04 -8.672726525361218955e+04
-3.888580497182539602e+03 -8.999808604418470350e+04
3.195520964645135791e+03 -9.281173716788554157e+04
1.069192765155411143e+04 -9.512085757487875526e+04
1.856877252444631085e+04 -9.687932708866716712e+04
2.678963830607346245e+04 -9.804267567443988810e+04
3.531360496960803721e+04 -9.856849914028396597e+04
4.409533318863257591e+04 -9.841687842825980624e+04
5.308518464930304617e+04 -9.755079951433585666e+04
6.222937988704565942e+04 -9.593657081519096391e+04
7.147019405833896599e+04 -9.354423489735451585e+04
8.074619079421689094e+04 -9.034797120143826760e+04
8.999249400770741340e+04 -8.632648643255951174e+04
9.914109724406211171e+04 -8.146338922861260653e+04
1.081212098721006769e+05 -7.574754570185263583e+04
1.168596391191921575e+05 -6.917341245715804689e+04
1.252812066531847813e+05 -6.174134372312584310e+04
1.333091981141021242e+05 -5.345786929036696529e+04
1.408658436986729212e+05 -4.433594003548177716e+04
1.478728276039754564e+05 -3.439513791941505770e+04
1.542518238448332704e+05 -2.366184748531661171e+04
1.599250556753325218e+05 -1.216938604359552301e+04
1.648158755702300114e+05 4.191007980765576946e+01
1.688493624593173736e+05 1.292464564221297769e+04
1.719529326592415746e+05 2.642437510198924792e+04
1.740569607151001110e+05 4.047966166509961477e+04
1.750954061504632409e+05 5.502218838530944049e+04
1.750064419314572588e+05 6.997692263652698603e+04
1.737330802801806713e+05 8.526233494934030750e+04
1.712237913269731216e+05 1.007906728588789993e+05
1.674331099717067264e+05 1.164682900496217044e+05
1.623222262330536032e+05 1.321960307065151283e+05
1.558595543031140987e+05 1.478696685929996893e+05
1.480212754943060281e+05 1.633803999774487747e+05
1.387918502672057657e+05 1.786153891226106789e+05
1.281644945631764567e+05 1.934583646403499006e+05
1.161416157349199784e+05 2.077902645991068857e+05
1.027352034722537646e+05 2.214899278566198191e+05
8.796717125978178228e+04 2.344348286785939999e+05
7.186964407798390312e+04 2.465018512979444349e+05
5.448518826947469643e+04 2.575681006720051228e+05
3.586697973756128340e+04 2.675117453096486861e+05
1.607890692420482446e+04 2.762128876696097432e+05
-4.804394671701464176e+03 2.835544572784379707e+05
-2.669757932820252972e+04 2.894231213843908045e+05
-4.950470180062882719e+04 2.937102076551324571e+05
-7.311940399460008484e+04 2.963126331451614387e+05
-9.742517928146052873e+04 2.971338335062146652e+05
-1.222957156633511768e+05 2.960846861931311432e+05
-1.475953185085552977e+05 2.930844212313107564e+05
-1.731794130697323417e+05 2.880615129623258254e+05
-1.988951264708007220e+05 2.809545460736314417e+05
-2.245819483056127210e+05 2.717130491486472893e+05
-2.500724684360098618e+05 2.602982889465779590e+05
-2.751931900119823404e+05 2.466840186386479181e+05
-2.997654151655678288e+05 2.308571732904287055e+05
-3.236062002566702431e+05 2.128185059894738661e+05
-3.465293769767609774e+05 1.925831581744937284e+05
-3.683466350491561461e+05 1.701811579272011295e+05
-3.888686617064056336e+05 1.456578402408919646e+05
-4.079063325799363665e+05 1.190741835807501629e+05
-4.252719481086528976e+05 9.050705739929480478e+04
-4.407805090656650136e+05 6.004937566552706267e+04
-4.542510243196311058e+05 2.781015190711291143e+04
-4.655078434933624230e+05 -6.085548250001256747e+03
-4.743820067611893173e+05 -4.149676053276692983e+04
-4.807126036419166485e+05 -7.826688438324327581e+04
-4.843481322996751987e+05 -1.162240565464555402e+05
-4.851478505640684743e+05 -1.551816375572846155e+05
-4.829831096271185088e+05 -1.949388121266540838e+05
-4.777386611706758849e+05 -2.352813037251462229e+05
-4.693139285271578701e+05 -2.759822029347436037e+05
-4.576242323813019320e+05 -3.168029083908242173e+05
-4.426019614834503736e+05 -3.574941783705090056e+05
-4.241976788678130833e+05 -3.977972903048263397e+05
-4.023811541538498714e+05 -4.374453047051841859e+05
-3.771423126569260494e+05 -4.761644292042037705e+05
-3.484920922464993782e+05 -5.136754776222076034e+05
-3.164631991673210287e+05 -5.496954181882428238e+05
-2.811107543813170050e+05 -5.839390042741639772e+05
-2.425128223952046246e+05 -6.161204802468105918e+05
-2.007708150107045367e+05 -6.459553543123434065e+05
-1.560097629693777708e+05 -6.731622295235863421e+05
